[signal_m0_1000_m12_1200]
	xs =		0.002518
	weight =	1.
	Nev =		24999

[DYJetsToLL_M-10To50filter_8TeV-madgraph_Summer12_DR53X-PU_S10_START53_V7A-v1SIM]
	xs =		762.45
	weight =	1.21580
	Nev =		7132223

[DYJetsToLL_M-50_TuneZ2Star_8TeV-madgraph-tarball_Summer12_DR53X-PU_S10_START53_V7A-v1SIM]
	xs =		3503.71
	weight =	0.96014
	Nev =		30459503

[TT_CT10_TuneZ2star_8TeV-powheg-tauola_Summer12_DR53X-PU_S10_START53_V7A-v2SIM]
	xs =		234.
	weight =	1.
	Nev =		21675970